-1 0 
2 0 
-0.9933816014600995 2.0891962223328338 
1.8346885663403552 2.3651055069962927 
1.1449153546817077 4.744823087218628 
-2 4 
0.31718750069133067 6.745165401028707 
-3.062701236436042 6.055392189370059 
-1.1183448349430294 8.959217684658961 
-4.622965241626915 8.671166692328779 
-4.9590247326787935 11.839727607960787 
-1.4544043259949089 12.175787099012668 
-1.8384723157684852 14.912271526149402 
-5.679152213504249 15.008288523592796 
-2 18 
-6 18 
-2.558599796593941 20.817316868918144 
-4.5269482441835205 22.593631321620936 
-6.879364681546676 19.521087403432322 
-8.415636640640981 20.86532536763984 
-6.879364681546676 24.898039260262397 
-9.951908599735287 22.257571830569056 
-10.047925597178681 26.38630272063501 
-11.584197556272986 22.83367381522942 
-13.0244525179239 26.626345214243493 
-13.216486512810686 22.977699311394513 
-15.76093694506063 25.66617523980955 
-15.040809464235174 22.929690812672817 
-17.681276893928512 24.465962771767124 
-17.009157911824754 22.065537835682267 
-19.745642338961485 23.55380129605488 
-19.169540354301123 21.585452848465298 
-21.81000778399446 24.51397127048882 
-24 26 
-22.050050277602946 21.585452848465298 
-25.26661969195665 23.1697333062813 
-26.70687465360756 26.626345214243493 
-27.18695964082453 23.36176730116809 
-29.77941857179617 26.722362211686885 
-29.203316587135806 22.977699311394513 
-31.843784016829144 25.474141244922762 
-31.123656536003686 22.401597326734148 
-34 24 
-33.14001348231496 21.489435851021902 
-35.82848941073 22.401597326734148 
-34.10018345674891 19.71312139831911 
-36.78865938516394 19.809138395762503 
-34.72429394013097 17.792781449451226 
-37.220735873659216 17.07265396862577 
-35.10836192990454 16.25650949035692 
-37.36476136982431 14.624220533819217 
-35.01234493246115 14.384178040210731 
-37.220735873659216 12.41582959262115 
-34.48425144652248 12.41582959262115 
-36.500608392833755 9.727353664206113 
-33.42806447464515 10.399472646309873 
-35.06035343118285 7.903030712781623 
-31.795775518107448 8.911209185937262 
-33.04399648487157 6.654809746017499 
-29.77941857179617 8.623158193607079 
-30.691580047508413 5.982690763913739 
-27.619036129319802 10.159430152701386 
-28 6 
-24.978568699626464 8.143073206390108 
-25.84272167661701 11.40765111946551 
-22.722169259706703 10.495489643753267 
-23.970390226470826 13.472016564498487 
-20.12971032873506 13.23197407089 
-22 16 
-18.017336384980393 15.680407505696554 
-20.12971032873506 18.320874935389895 
-17.297208904154935 19.473078904710626 
-14.94479246679178 18.176849439224803 
-16.048987937390812 15.152314019757885 
-12.880427021758807 16.688585978852192 
-14.46470747957481 13.952101551715458 
-11.440172060107896 15.152314019757885 
-13.0244525179239 12.991931577281516 
-10 14 
-11.632206054994684 11.5996851143523 
-11.104112569056017 9.631336666762719 
-8.703687632971164 11.839727607960786 
-8.75169613169286 9.199260178267444 
-11.104112569056017 8.191081705111806 
-8.895721627857952 7.0868862345127726 
-11.728223052438079 6.270741756243922 
-9.56784060996171 5.262563283088283 
-13.15494418968745 4.530913762569625 
-10.964110642307606 3.1312145517436125 
-15.163208274785639 3.3746405014524843 
-13.215800677114668 1.1838069540726388 
-18.02346318386488 2.4009367026169977 
-16.62376397303887 -0.6418876687438992 
-22.526843253479 0.940381004363767 
-20.27515321867194 1.7923718283448182 
-18.753741032991492 -1.6155914675793863 
-21.37056999236186 -2.0415868795699117 
-25 0 
-24.007961931074423 -2.8464676344915887 
-28.089667261274382 -0.6015297028816073 
-26.729098817874394 -3.662808700531582 
-31.35503152543435 -1.4178707689216006 
-30 -5 
-34.14419683440432 -2.9825244788315874 
-32.71559996883433 -6.24788874299156 
-34.076168412234324 -8.969025629791538 
-36.457163188184296 -5.703661365631565 
-37.545617942904286 -8.76494036328154 
-34.34828210091432 -11.418048827911518 
-38.70210111979428 -12.166361471781512 
-34.55236736742432 -14.071157292541496 
-40 -15 
-36.12887293932299 -16.015673274214972 
-40.239205955485964 -18.20343116991462 
-37.057012652650116 -19.33045796466898 
-41.63141552547665 -21.71710294179587 
-37.78626528455 -23.24190389940471 
-42.891033707849175 -24.03745222511367 
-39.24477054834976 -26.35780150843148 
-44.54842605307618 -26.821871365095042 
-40.902162893576765 -29.075924954603767 
-47.38588174810482 -30.216210888119953 
-43.083291219895514 -32.33104352062961 
-48.69853648552461 -32.4039687838196 
-45 -35 
-51.9072480658841 -34.51880141632926 
-48.40683543276466 -37.581662470308764 
-52.126023855454065 -39.25894352367849 
-55.91813754133345 -34.37295088994928 
-55.69936175176348 -39.76942036600841 
-59.710251227212844 -38.38384036539863 
-57.960044910653124 -32.25811825743963 
-62.11678491248245 -34.59172667951925 
-58.68929754255301 -27.663826676470368 
-63.356514386712256 -28.611855097940214 
-63.42943964990224 -23.580011937831028 
-58.61637227936302 -22.850759305931145 
-63.575290176282216 -18.475243514531854 
-59.05392385850295 -17.30843930349204 
-57.012016489183274 -14.318503512702526 
-63.13773859714229 -13.29754982804269 
-59.19977438488292 -9.797137194923256 
-53.94915543520377 -12.85999824890276 
-54.82425859348363 -7.755229825603585 
-50.74044385484429 -7.3176782464636565 
-50.08411648613439 -12.130745617002878 
-46.80247964258492 -8.192781404743515 
-46.87540490577491 -11.984895090622903 
-43.75237583725573 -5.711517891838344 
-43.454237711322214 -10.70533150122476 
-40.39832192050366 -8.469295556723381 
-39.20576941676959 -3.699085541787102 
-44.274117557639386 -1.164911471352204 
-39.80204566863662 1.7419352564995907 
-45.3176009984067 4.1270402639677295 
-41.06913270385407 5.24505823621842 
-47.33003334845794 8.897250278904009 
-41.814478018687865 10.0152682511547 
-47.386753295478925 12.66547913769645 
-43.016907538879614 13.452051373884325 
-47.474150210610915 16.773134148899796 
-42.92951062374763 17.996690960747603 
-47.5615471257429 21.49256756602705 
-41.79335072703181 21.754758311423007 
-45.90100573823516 24.988444171306494 
-40 25 
-43.803479775067494 28.92130535224587 
-37.510901885564486 28.484320776585935 
-36.1999481585847 33.028960363449215 
-42.05554147242777 34.16512026016503 
-41.09417540597592 39.4089351680842 
-36.1999481585847 37.923187610840436 
-44.24046435072742 42.90481177336365 
-36.899123479640586 42.46782719770372 
-39.69582476386414 46.05110071811515 
-43.54128902967153 48.58561125694275 
-47.5615471257429 44.21576550034344 
-47.03716563495098 50.50834338984644 
-50 45 
-52.98015586392604 47.624245190490896 
-49.74647000404255 52.08148786222219 
-55 50 
-56.650826299469465 53.829426164861914 
-51.05742373102235 55.66476138263362 
-61.30503669862002 55.91211524485713 
-54.42271376978067 60.50033053075002 
-65.38345028608038 59.7356279831012 
-58.11877608341662 64.19639284438597 
-69.3344134489326 62.5395373244802 
-61.81483839705256 66.87285176115682 
-68.44226047667564 68.912058554887 
-75.19713298090684 68.27480643184632 
-72.77557491335226 62.41208689987206 
-79.40299699297533 67.25520303498124 
-77.10888935002889 61.39248350300697 
-85.13826610034145 64.83364496742665 
-81.82455506052992 58.58857416162798 
-89.08922926319367 62.15718605065579 
-86.41277034642282 56.421916943289666 
-93.67744454908657 59.48072713388493 
-91.12843605692386 54.12780930034322 
-98.26565983497947 56.5493673678978 
-95.97155219203303 51.323899958964226 
-102.47152384704796 52.470953780437455 
-98.13820941037133 46.6082342484632 
-104.38328021617001 47.75528806993642 
-99.28526323184457 43.16707278404352 
-105.40288361303509 43.29452320865166 
-100.30486662870965 38.70630792275876 
-106.42248700990018 38.45140707354249 
-100.94211875175033 34.37299348608214 
-106.93228870833272 34.11809263686587 
-106.43523205236103 30.218109643856877 
-100 30 
-99.84604510012039 26.853418434202087 
-106.01464565115418 25.030877362305745 
-103.77151817805098 21.245599751444104 
-98.44409042943089 22.9279453562715 
-101.52839070494778 17.460322140582466 
-96.06076748925875 19.282863212478812 
-98.86467683063775 14.656412799203475 
-93.3970536149487 15.777976535755071 
-96.4813538904656 11.852503457824483 
-88.63040773460442 15.637781068686122 
-83.44317545305327 15.637781068686122 
-90 10 
-84.42454372253592 10.029962385928139 
-77.97555223736423 17.880908541789314 
-76.99418396788158 10.029962385928139 
-73.48929729115784 21.245599751444104 
-71.9471471533994 13.534849062651878 
-67.7412831413309 18.581885877134063 
-69.4236287461583 25.73185469765049 
-64.51678739874507 26.29263656592629 
-59.04916418305602 26.29263656592629 
-63.95600553046926 17.880908541789314 
-60 20 
-54.843300170987526 24.329900026960996 
-58.628577781849174 17.179931206444568 
-52.45997723081538 20.40442694903041 
-52.88056363202223 15.217194667479273 
-58.90896871598707 12.55348079316923 
-54.00212736857383 10.730939721272886 
-60.59131432081447 7.927030379893894 
-55.40408203926333 5.543707439721752 
-62.69424632684871 3.0201890324806593 
-57.92760044650442 1.1976479605843144 
-65.63835113529666 -0.6248931113120301 
-62.273659925641866 -3.98958432096682 
-69.56382421322725 -3.8493888538978704 
-66.75991487184825 -7.634666464759509 
-73.76968822529574 -4.970952590449468 
-71.80695168633045 -9.877793937862704 
-78.53633410564004 -6.513102728207913 
-77.41477036908843 -11.840530476827997 
-83.44317545305327 -7.774861931828459 
-82.74219811770853 -13.382680614586443 
-88.06962586632861 -12.962094213379594 
-88.06962586632861 -7.073884596483711 
-94.46052886856694 -8.093847499993492 
-93.00170699188095 -14.220899382074618 
-100 -10 
-96.94052605893312 -16.846778760109384 
-104.67228200536883 -13.783252819068823 
-101.46287387665967 -19.47265813814415 
-107.881690134078 -19.180893762806956 
-103.50522450402005 -23.265595017527705 
-109.63227638610118 -25.30794564488808 
-103.79698887935724 -27.204414084579856 
-110 -30 
-104.52639981770024 -31.872644089975 
-109.48639419843258 -36.24910972003295 
-103.94287106702583 -36.54087409537014 
-108.02757232174658 -41.50086847610248 
-102.19228481500264 -41.06322191309668 
-104.38051763003162 -46.898509419840614 
-98.39934793561908 -43.834983478800055 
-100 -50 
-93.58523574255533 -45.877334106160426 
-95.48170418224711 -52.00438598824155 
-87.3123016728056 -47.19027379517781 
-89.06288792482879 -52.733796926584546 
-80.74760322771867 -48.0655669211894 
-81.47701416606166 -53.60909005259613 
-74.91231572097473 -49.08674223486959 
-75.64172665931773 -54.04673661560193 
-73.01584728128296 -57.25614474431109 
-69.51467477723659 -51.42085723756716 
-66.59703102386463 -56.6726159936367 
-71.41114321692837 -60.757317248357445 
-64.70056258417284 -61.19496381136324 
-70.24408571557959 -64.4043719400724 
-63.82526945816125 -65.13378287841539 
-69.6605569649052 -68.34319100712455 
-62.94997633214966 -68.78083757013034 
-69.2229104018994 -72.1361278865081 
-68.0558529005506 -75.34553601521726 
-62.658211956812465 -74.03259632619988 
-67.32644196220761 -78.84670851926361 
-61.782918830800874 -78.70082633159502 
-66.59703102386463 -84.68199602600755 
-60.761743517120685 -83.51493852465876 
-63.53350508282406 -89.49610821907129 
-56.67704226239993 -86.14081790269353 
-57.260571013074326 -92.41375197244325 
-51.571165693998985 -82.34788102330998 
-50.84175475565599 -92.12198759710606 
-45.73587818725505 -88.0372863423853 
-46.61117131326664 -78.40906195625783 
-41.0676481818599 -84.09846727533315 
-42.23470568320869 -74.32436070153707 
-36.39941817646475 -79.43023726993802 
-38.29588661615653 -68.78083757013034 
-32.314716921743994 -74.76200726454287 
-35.23236067511596 -63.820843189398005 
-28.375897854691836 -68.92671975779895 
-26.47942941500006 -62.50790350038062 
-32.168834734075396 -57.54790911964828 
-23.415903473959492 -56.818498181305294 
-29.397073168372025 -52.15026817591015 
-21.811199409604907 -51.858503800572954 
-25.16648972598267 -47.33615598284641 
-18.310026905558548 -48.64909567186379 
-22.248845972610702 -42.37616160211407 
-14.954736589180783 -44.56439441714304 
-18.164144717889947 -38.29146034739332 
-12.32885721114601 -40.1879287870851 
-15.975911902860972 -32.893819403655186 
-10 -30 
-5.91004095372768 -29.830293462614627 
-7.222980642745066 -36.978520658375935 
-2.9923972003557116 -36.68675628303874 
0 -30 
1.384068429702241 -35.66558096935855 
6.344062810434587 -34.498523468009765 
5.1770053090858 -27.78794283525425 
9.261706563806555 -35.66558096935855 
12.033468129509926 -39.02087128573631 
10.428764065155343 -27.204414084579856 
15.680522821224887 -29.830293462614627 
19.18169532527125 -33.62323034199818 
16.409933759567878 -40.62557535009089 
23.7040431429978 -35.08205221868416 
21.661692515637423 -43.10557254045706 
29.10168408673594 -35.81146315702715 
27.35109783471276 -44.56439441714304 
33.332267529125296 -44.12674785413725 
33.76991409213109 -35.66558096935855 
37.854615346851844 -41.354986288433885 
37.70873315918325 -30.559704400957617 
41.50167003856681 -37.416167221381734 
44.71107816727597 -31.580879714637803 
37.12520440850886 -25.016181269550884 
44.71107816727597 -25.599710020225277 
43.10637410292139 -19.910304701149947 
34.936971593479875 -20.785597827161535 
38.146379722189046 -15.8256034464292 
31.581681277102113 -18.15971844912677 
33.62403190446249 -11.74090219170845 
27.788744397718556 -16.117367821766397 
28.955801899067342 -8.239729687662093 
23.995807518334995 -13.491488443731628 
23.849925330666398 -7.656200936987701 
20.348752826620036 -12.762077505388637 
18.01463782392246 -6.197379060301719 
15.388758445887689 -11.74090219170845 
10 -10 
14.3675831322075 -4.0091462452727455 
6.198180622765989 -8.239729687662093 
4.155829995405611 -6.197379060301719 
9.84523531448095 -2.8420887439239597 
6.489944998103185 -1.9667956179123707 
1.6758328050394378 -4.738557183615736 
0 -2.4044421809181653